,시도명,시군구명,상호명,지점명,경도,위도,도로명주소,ID,빽다방 매장수,브랜드명
0,서울특별시,서초구,빽다방커피,-,127.0154469,37.49346116,서울특별시 서초구 서초중앙로22길 25,서울 서초,1,빽다방
1,서울특별시,동대문구,빽다방외대역점,외대역점,127.0621597,37.59577708,서울특별시 동대문구 휘경로 17,서울 동대문,1,빽다방
2,서울특별시,광진구,빽다방,어린이대공원역점,127.0723089,37.54809278,서울특별시 광진구 광나루로 381-1,서울 광진,1,빽다방
3,서울특별시,송파구,빽다방,오금역점,127.1261052,37.50287363,서울특별시 송파구 오금로 306,서울 송파,1,빽다방
4,서울특별시,광진구,빽다방,건대역화양점,127.0686017,37.54225182,서울특별시 광진구 아차산로29길 29-1,서울 광진,1,빽다방
5,서울특별시,중구,빽다방,명동중앙우체국점,126.9818508,37.56242189,서울특별시 중구 남대문로 58-1,서울 중구,1,빽다방
6,서울특별시,강동구,빽다방둔촌동역점,둔촌동역점,127.1349888,37.52594307,서울특별시 강동구 양재대로 1339,서울 강동,1,빽다방
7,서울특별시,강동구,빽다방명일역점,명일역점,127.1450151,37.5505068,서울특별시 강동구 구천면로 418,서울 강동,1,빽다방
8,서울특별시,구로구,빽다방,구로로제리움점,126.8909805,37.49607959,서울특별시 구로구 가마산로26길 5,서울 구로,1,빽다방
9,서울특별시,강남구,백다방,-,127.0504838,37.50305588,서울특별시 강남구 선릉로86길 8,서울 강남,1,빽다방
10,부산광역시,중구,빽다방,부산중앙사거리점,129.0353133,35.1050987,부산광역시 중구 중앙대로81번길 8,부산 중구,1,빽다방
11,서울특별시,강서구,빽다방,우장산역점,126.8359891,37.54755838,서울특별시 강서구 강서로 245,서울 강서,1,빽다방
12,서울특별시,양천구,빽다방,목동파리공원점,126.8787105,37.53614119,서울특별시 양천구 목동서로 65,서울 양천,1,빽다방
13,서울특별시,성북구,빽다방성신여대점,성신여대점,127.0167663,37.59196568,서울특별시 성북구 동소문로20나길 3,서울 성북,1,빽다방
14,서울특별시,관악구,빽다방신림역1호점,신림역1호점,126.9275723,37.48368563,서울특별시 관악구 남부순환로 1592,서울 관악,1,빽다방
15,서울특별시,강북구,빽다방,강북구청점,127.02326,37.6391889,서울특별시 강북구 도봉로87길 48,서울 강북,1,빽다방
16,서울특별시,강남구,빽다방,강남포스코센터점,127.0561648,37.50458815,서울특별시 강남구 삼성로85길 11,서울 강남,1,빽다방
17,서울특별시,관악구,빽다방서울대메트로빌점,서울대메트로빌점,126.9514349,37.48172829,서울특별시 관악구 남부순환로 1811,서울 관악,1,빽다방
18,서울특별시,은평구,빽다방,구파발역점,126.9178192,37.63828685,서울특별시 은평구 진관2로 15-46,서울 은평,1,빽다방
19,부산광역시,동래구,빽다방,동래메가마트점,129.0819723,35.20525036,부산광역시 동래구 명륜로129번길 3,부산 동래,1,빽다방
20,서울특별시,서대문구,빽다방,신촌역점,126.9371323,37.55586466,서울특별시 서대문구 연세로2길 6,서울 서대문,1,빽다방
21,서울특별시,용산구,빽다방,신용산역점,126.967249,37.53046119,서울특별시 용산구 새창로 213,서울 용산,1,빽다방
22,부산광역시,해운대구,빽다방,반여대림점,129.1172501,35.20066646,부산광역시 해운대구 선수촌로 95,부산 해운대,1,빽다방
23,부산광역시,중구,빽다방,부산광복로점,129.031692,35.09888284,부산광역시 중구 남포길 25-6,부산 중구,1,빽다방
24,서울특별시,서초구,빽다방서초우성점,서초우성점,127.0293055,37.4930262,서울특별시 서초구 사임당로 181,서울 서초,1,빽다방
25,서울특별시,강남구,빽다방,한티역점,127.0546499,37.49735857,서울특별시 강남구 도곡로 405,서울 강남,1,빽다방
26,부산광역시,연제구,빽다방,부산시청후문점,129.0734438,35.18139448,부산광역시 연제구 시청로31번길 4,부산 연제,1,빽다방
27,서울특별시,용산구,빽다방,원효용문시장점,126.9612251,37.53569749,서울특별시 용산구 새창로 132,서울 용산,1,빽다방
28,서울특별시,마포구,빽다방PAIKSCOFFEE,-,126.946484,37.53875659,서울특별시 마포구 마포대로4길 16,서울 마포,1,빽다방
29,서울특별시,광진구,빽다방,아차산점,127.0905957,37.55285743,서울특별시 광진구 천호대로129길 17,서울 광진,1,빽다방
30,서울특별시,용산구,빽다방,-,126.9723109,37.55404063,서울특별시 용산구 한강대로 401,서울 용산,1,빽다방
31,서울특별시,강동구,빽다방강동역헤르셔점,강동역헤르셔점,127.1330784,37.53656154,서울특별시 강동구 천호대로 1089,서울 강동,1,빽다방
32,서울특별시,광진구,빽다방,건대로데오점,127.0676375,37.54062232,서울특별시 광진구 아차산로 220,서울 광진,1,빽다방
33,서울특별시,강남구,빽다방,수서역점,127.1018421,37.48801336,서울특별시 강남구 밤고개로1길 10,서울 강남,1,빽다방
34,서울특별시,은평구,빽다방,응암역이마트점,126.9190649,37.59999552,서울특별시 은평구 은평로 101,서울 은평,1,빽다방
35,부산광역시,금정구,빽다방,부산대점,129.084857,35.23304116,부산광역시 금정구 부산대학로64번길 34,부산 금정,1,빽다방
36,서울특별시,서초구,스시마이우강남역빽다방,-,127.0252587,37.49811989,서울특별시 서초구 서초대로73길 7,서울 서초,1,빽다방
37,서울특별시,송파구,빽다방,가락시장역점,127.1200802,37.49488154,서울특별시 송파구 송파대로28길 27,서울 송파,1,빽다방
38,서울특별시,영등포구,빽다방,문래동국점,126.8898931,37.52064083,서울특별시 영등포구 선유로 76,서울 영등포,1,빽다방
39,서울특별시,은평구,빽다방,불광역점,126.9293879,37.61140658,서울특별시 은평구 통일로 738,서울 은평,1,빽다방
40,부산광역시,해운대구,동백다방,-,129.1787864,35.15780847,부산광역시 해운대구 달맞이길117번가길 85,부산 해운대,1,빽다방
41,부산광역시,금정구,역전우동&빽다방,부산대역점,129.0888976,35.22958866,부산광역시 금정구 장전온천천로 51,부산 금정,1,빽다방
42,서울특별시,은평구,빽다방,은평초교점,126.9339061,37.60116671,서울특별시 은평구 은평로 235,서울 은평,1,빽다방
43,서울특별시,은평구,빽다방,연신내역점,126.919563,37.61879558,서울특별시 은평구 연서로29길 6,서울 은평,1,빽다방
44,서울특별시,송파구,빽다방,잠실역지하도점,127.1005744,37.51356678,서울특별시 송파구 올림픽로 265,서울 송파,1,빽다방
45,서울특별시,노원구,빽다방,-,127.0616965,37.65426882,서울특별시 노원구 노해로 482,서울 노원,1,빽다방
46,부산광역시,해운대구,빽다방,해운대역리베라점,129.1621468,35.16240403,부산광역시 해운대구 구남로29번길 32,부산 해운대,1,빽다방
47,서울특별시,영등포구,빽다방,영등포신세계점,126.9061598,37.516819,서울특별시 영등포구 영중로 5,서울 영등포,1,빽다방
48,서울특별시,강남구,빽다방압구정로데오점,압구정로데오점,127.0383637,37.52740341,서울특별시 강남구 선릉로161길 25,서울 강남,1,빽다방
49,서울특별시,마포구,빽다방상암KGIT점,상암KGIT점,126.8890206,37.58020018,서울특별시 마포구 월드컵북로 402,서울 마포,1,빽다방
50,서울특별시,강남구,빽다방,대치동학원가점,127.058634,37.49889516,서울특별시 강남구 도곡로77길 8,서울 강남,1,빽다방
51,서울특별시,강남구,빽다방강남소망점,강남소망점,127.0326234,37.52422988,서울특별시 강남구 언주로159길 3,서울 강남,1,빽다방
52,서울특별시,중구,빽다방,광희동사거리점,127.0058501,37.56475288,서울특별시 중구 마른내로 159-1,서울 중구,1,빽다방
53,서울특별시,서초구,백다방커피,-,127.0033937,37.50609197,서울특별시 서초구 신반포로 177,서울 서초,1,빽다방
54,부산광역시,남구,빽다방,부산경성대점,129.0991773,35.13642779,부산광역시 남구 수영로298번길 9,부산 남구,1,빽다방
55,부산광역시,해운대구,빽다방해운대역점,해운대역점,129.158522,35.1629976,부산광역시 해운대구 해운대로 620,부산 해운대,1,빽다방
56,서울특별시,동대문구,빽다방회기역점,회기역점,127.0571006,37.59016833,서울특별시 동대문구 회기로 191,서울 동대문,1,빽다방
57,부산광역시,남구,백다방,-,129.0991773,35.13642779,부산광역시 남구 수영로298번길 9,부산 남구,1,빽다방
58,부산광역시,북구,홍콩반점&빽다방Ⅰ,부산구남역점,128.996135,35.19803669,부산광역시 북구 백양대로 1038,부산 북구,1,빽다방
59,서울특별시,강남구,빽다방,-,127.0571003,37.5129394,서울특별시 강남구 봉은사로 524,서울 강남,1,빽다방
60,서울특별시,강서구,빽다방방화사거리점,방화사거리점,126.811063,37.57363808,서울특별시 강서구 금낭화로 91-2,서울 강서,1,빽다방
61,서울특별시,서초구,빽다방,반포고투몰2호점,127.0068163,37.50642716,서울특별시 서초구 신반포로 194,서울 서초,1,빽다방
62,서울특별시,강동구,빽다방,-,127.1260359,37.53694213,서울특별시 강동구 천호옛길 94,서울 강동,1,빽다방
63,서울특별시,송파구,빽다방,잠실신천점,127.083922,37.51092485,서울특별시 송파구 백제고분로7길 45,서울 송파,1,빽다방
64,서울특별시,영등포구,빽다방,여의도시범상가점,126.9373054,37.52134727,서울특별시 영등포구 63로 45,서울 영등포,1,빽다방
65,서울특별시,동작구,빽다방중앙대병원점,중앙대병원점,126.9597961,37.50741907,서울특별시 동작구 흑석로 93,서울 동작,1,빽다방
66,서울특별시,양천구,빽다방,목동역점,126.8630223,37.52608877,서울특별시 양천구 오목로 231,서울 양천,1,빽다방
67,서울특별시,마포구,빽다방,마포용강점,126.9433341,37.53986376,서울특별시 마포구 토정로 312,서울 마포,1,빽다방
68,서울특별시,종로구,역전우동&빽다방,동대문역점,127.011227,37.5715829,서울특별시 종로구 종로 300-1,서울 종로,1,빽다방
69,서울특별시,종로구,빽다방,종로구숭인1호점,127.0201867,37.57464005,서울특별시 종로구 종로 387,서울 종로,1,빽다방
70,서울특별시,강남구,빽다방,선릉역1호점,127.0469559,37.50476651,서울특별시 강남구 테헤란로51길 10,서울 강남,1,빽다방
71,부산광역시,해운대구,빽다방,센텀SH밸리점,129.1310256,35.17247859,부산광역시 해운대구 센텀동로 35,부산 해운대,1,빽다방
72,서울특별시,노원구,빽다방중계은행사거리점,중계은행사거리점,127.0763272,37.64878886,서울특별시 노원구 한글비석로 235,서울 노원,1,빽다방
73,서울특별시,송파구,빽다방,잠실장미상가점,127.0984584,37.51645205,서울특별시 송파구 올림픽로35길 104,서울 송파,1,빽다방
74,서울특별시,성동구,빽다방,성수역롯데캐슬점,127.0571136,37.54513411,서울특별시 성동구 성수이로 113,서울 성동,1,빽다방
75,부산광역시,부산진구,빽다방,-,129.0607457,35.15385169,부산광역시 부산진구 중앙대로680번가길 9,부산 부산진,1,빽다방
76,서울특별시,강남구,빽다방논현본점,논현본점,127.0240347,37.5070122,서울특별시 강남구 봉은사로1길 35,서울 강남,1,빽다방
77,서울특별시,마포구,빽다방,홍대입구점,126.9236796,37.55477867,서울특별시 마포구 와우산로23길 44,서울 마포,1,빽다방
78,부산광역시,부산진구,빽다방,서면롯데점,129.0576291,35.15642988,부산광역시 부산진구 서면로 63-1,부산 부산진,1,빽다방
79,서울특별시,영등포구,빽다방,서여의도점,126.9196571,37.52922446,서울특별시 영등포구 국회대로68길 11,서울 영등포,1,빽다방
80,서울특별시,용산구,백다방,-,126.9723593,37.54227342,서울특별시 용산구 한강대로77길 4,서울 용산,1,빽다방
81,서울특별시,강남구,빽다방,강남역지하도점,127.0282892,37.49815386,서울특별시 강남구 강남대로 396,서울 강남,1,빽다방
82,서울특별시,광진구,홍콩반점&빽다방,어린이대공원역점,127.0723089,37.54809278,서울특별시 광진구 광나루로 381-1,서울 광진,1,빽다방
83,서울특별시,구로구,빽다방,구로삼성IT점,126.8946567,37.48604936,서울특별시 구로구 디지털로33길 27,서울 구로,1,빽다방
84,서울특별시,종로구,빽다방,대학로CGV점,127.0012914,37.58402373,서울특별시 종로구 대학로 143,서울 종로,1,빽다방
85,서울특별시,마포구,빽다방공덕새창로점,공덕새창로점,126.9518216,37.54222806,서울특별시 마포구 새창로 15-1,서울 마포,1,빽다방
86,서울특별시,구로구,빽다방구로시장점,구로시장점,126.8910384,37.48987193,서울특별시 구로구 구로동로26길 125,서울 구로,1,빽다방
87,서울특별시,성북구,빽다방,안암역점,127.0301397,37.58670612,서울특별시 성북구 인촌로 99-7,서울 성북,1,빽다방
88,서울특별시,송파구,빽다방,거여역점,127.1461442,37.49315353,서울특별시 송파구 오금로 515,서울 송파,1,빽다방
89,서울특별시,서초구,빽다방강남스시마이우점,강남스시마이우점,127.0252587,37.49811989,서울특별시 서초구 서초대로73길 7,서울 서초,1,빽다방
90,서울특별시,금천구,빽다방,가산대륭점,126.883859,37.48143359,서울특별시 금천구 벚꽃로 298,서울 금천,1,빽다방
91,서울특별시,송파구,빽다방,잠실장미상가점,127.099289,37.51981032,서울특별시 송파구 올림픽로35길 104,서울 송파,1,빽다방
92,서울특별시,서대문구,빽다방이대정문점,이대정문점,126.9453944,37.55907437,서울특별시 서대문구 이화여대길 55,서울 서대문,1,빽다방
93,부산광역시,수영구,빽다방,부산수영역점,129.1167274,35.16807729,부산광역시 수영구 수영로 707,부산 수영,1,빽다방
94,서울특별시,강남구,빽다방청담영동고점,청담영동고점,127.0408464,37.51906184,서울특별시 강남구 선릉로 720,서울 강남,1,빽다방
95,서울특별시,강남구,빽다방역삼테헤란로점,역삼테헤란로점,127.0330013,37.4975708,서울특별시 강남구 테헤란로10길 25,서울 강남,1,빽다방
96,서울특별시,종로구,빽다방동대문역점,동대문역점,127.011227,37.5715829,서울특별시 종로구 종로 300-1,서울 종로,1,빽다방
97,서울특별시,성북구,빽다방,정릉시장점,127.0100655,37.60885821,서울특별시 성북구 보국문로 50,서울 성북,1,빽다방
98,서울특별시,동작구,빽다방노량진학원점,노량진학원점,126.9444192,37.51184196,서울특별시 동작구 만양로 94-2,서울 동작,1,빽다방
99,부산광역시,동래구,빽다방,부산사직시장점,129.0604432,35.19818468,부산광역시 동래구 사직북로 26,부산 동래,1,빽다방
100,부산광역시,금정구,빽다방부산대역점,부산대역점,129.0888976,35.22958866,부산광역시 금정구 장전온천천로 51,부산 금정,1,빽다방
101,서울특별시,성북구,빽다방,월곡역점,127.0420917,37.60297742,서울특별시 성북구 화랑로 91,서울 성북,1,빽다방
102,서울특별시,서대문구,명지대빽다방,-,126.925248,37.58031935,서울특별시 서대문구 거북골로 19,서울 서대문,1,빽다방
103,서울특별시,서초구,빽다방고속터미널지하점,고속터미널지하점,127.0048767,37.50343736,서울특별시 서초구 신반포로 188,서울 서초,1,빽다방
104,서울특별시,동대문구,빽다방장한평역점,장한평역점,127.066018,37.56249602,서울특별시 동대문구 천호대로85길 7,서울 동대문,1,빽다방
105,서울특별시,성북구,빽다방종암사거리점,종암사거리점,127.0334984,37.6019072,서울특별시 성북구 종암로 132,서울 성북,1,빽다방
106,서울특별시,강동구,빽다방천호역로데오점,천호역로데오점,127.1267566,37.53918208,서울특별시 강동구 올림픽로70길 57,서울 강동,1,빽다방
107,서울특별시,중구,빽다방,남대문시장점,126.9763138,37.55843645,서울특별시 중구 퇴계로 37,서울 중구,1,빽다방
108,서울특별시,종로구,빽다방종로관철점,종로관철점,126.9845236,37.56898647,서울특별시 종로구 종로10길 21,서울 종로,1,빽다방
109,서울특별시,노원구,빽다방월계광운대점,월계광운대점,127.0589953,37.62134145,서울특별시 노원구 광운로 43,서울 노원,1,빽다방
110,서울특별시,노원구,빽다방서울과기대점,서울과기대점,127.0770973,37.62868373,서울특별시 노원구 공릉로 217,서울 노원,1,빽다방
111,서울특별시,서초구,빽다방,반포고투몰점,127.0023932,37.50393001,서울특별시 서초구 신반포로 176,서울 서초,1,빽다방
112,부산광역시,기장군,빽다방부산정관동오점,부산정관동오점,129.1769852,35.32197414,부산광역시 기장군 정관읍 정관7로 17-3,부산 기장,1,빽다방
113,서울특별시,성동구,빽다방한양대점,한양대점,127.0408099,37.55989712,서울특별시 성동구 마조로 21,서울 성동,1,빽다방
114,서울특별시,종로구,빽다방,-,127.0110914,37.57156374,서울특별시 종로구 종로 300,서울 종로,1,빽다방
115,서울특별시,관악구,빽다방,관악구청점,126.95207,37.47915691,서울특별시 관악구 관악로 155,서울 관악,1,빽다방
116,서울특별시,중랑구,빽다방중랑역동부시장점,중랑역동부시장점,127.0764142,37.59323141,서울특별시 중랑구 망우로32길 14,서울 중랑,1,빽다방
117,부산광역시,북구,빽다방,부산구남역점,128.996135,35.19803669,부산광역시 북구 백양대로 1038,부산 북구,1,빽다방
118,부산광역시,부산진구,빽다방,서면영광도서점,129.0571969,35.15865108,부산광역시 부산진구 서면문화로 11-2,부산 부산진,1,빽다방
119,서울특별시,강남구,빽다방삼성동공항타워점,삼성동공항타워점,127.0571819,37.51004766,서울특별시 강남구 삼성로100길 23,서울 강남,1,빽다방
120,서울특별시,중구,빽다방을지로입구역점,을지로입구역점,126.9818706,37.56679211,서울특별시 중구 남대문로9길 10,서울 중구,1,빽다방
121,서울특별시,서초구,빽다방반포고투몰2호점,반포고투몰2호점,127.0050321,37.50621391,서울특별시 서초구 신반포로 200,서울 서초,1,빽다방
122,서울특별시,성북구,빽다방,길음역점,127.0235872,37.60291588,서울특별시 성북구 동소문로 248,서울 성북,1,빽다방
123,서울특별시,강서구,빽다방,등촌성당점,126.8457637,37.56022374,서울특별시 강서구 공항대로41길 51,서울 강서,1,빽다방
124,서울특별시,강남구,빽다방,역삼GS점,127.0371055,37.50293858,서울특별시 강남구 봉은사로30길 73,서울 강남,1,빽다방
125,서울특별시,강서구,빽다방-목동사거리점,목동사거리점,126.8631562,37.53217207,서울특별시 강서구 곰달래로 272,서울 강서,1,빽다방
126,서울특별시,성동구,빽다방,서울숲역점,127.0448637,37.54645932,서울특별시 성동구 왕십리로 100,서울 성동,1,빽다방
127,서울특별시,관악구,빽다방신림역2호점,신림역2호점,126.9300815,37.4829605,서울특별시 관악구 신림로 322,서울 관악,1,빽다방
128,서울특별시,영등포구,빽다방,영등포구청점,126.8961092,37.52487091,서울특별시 영등포구 당산로 113,서울 영등포,1,빽다방
129,서울특별시,영등포구,빽다방,당산역점,126.9032122,37.53348798,서울특별시 영등포구 양평로 28-1,서울 영등포,1,빽다방
130,서울특별시,구로구,빽다방,천왕역점,126.8382361,37.48658925,서울특별시 구로구 오리로 1149,서울 구로,1,빽다방
131,서울특별시,동작구,빽다방,신대방삼거리점,126.9300694,37.49887292,서울특별시 동작구 국사봉1길 28,서울 동작,1,빽다방
132,서울특별시,동대문구,빽다방청량리역점,청량리역점,127.0458496,37.58096836,서울특별시 동대문구 왕산로 209,서울 동대문,1,빽다방
133,서울특별시,강서구,빽다방,까치산역점,126.8467163,37.53219287,서울특별시 강서구 강서로 48,서울 강서,1,빽다방
134,서울특별시,마포구,빽다방망원시장점,망원시장점,126.9082408,37.55564608,서울특별시 마포구 월드컵로13길 34,서울 마포,1,빽다방
135,서울특별시,구로구,빽다방구로디지털역점,구로디지털역점,126.8997365,37.48354681,서울특별시 구로구 디지털로32길 79,서울 구로,1,빽다방
136,서울특별시,양천구,빽다방,등촌역점,126.8678561,37.54908463,서울특별시 양천구 공항대로 564,서울 양천,1,빽다방
137,서울특별시,중구,빽다방태평로점,태평로점,126.977061,37.56338965,서울특별시 중구 세종대로 82,서울 중구,1,빽다방
138,서울특별시,양천구,빽다방,목동41타워점,126.8757526,37.5281659,서울특별시 양천구 목동동로 293,서울 양천,1,빽다방
139,부산광역시,중구,빽다방남포광장점,남포광장점,129.0268305,35.09866271,부산광역시 중구 비프광장로 13-1,부산 중구,1,빽다방
140,서울특별시,송파구,빽다방,위례중앙점,127.1422226,37.47711321,서울특별시 송파구 위례광장로 136,서울 송파,1,빽다방
141,서울특별시,서초구,빽다방총신대입구역점,총신대입구역점,126.982592,37.48788458,서울특별시 서초구 동작대로 128,서울 서초,1,빽다방
142,서울특별시,동대문구,빽다방,신설동역1호점,127.025782,37.57616407,서울특별시 동대문구 왕산로 20,서울 동대문,1,빽다방
143,서울특별시,강남구,빽다방,-,127.0297769,37.49504844,서울특별시 강남구 강남대로 358,서울 강남,1,빽다방
144,서울특별시,송파구,빽다방,방이역코오롱점,127.123888,37.50967823,서울특별시 송파구 마천로 25,서울 송파,1,빽다방
145,서울특별시,용산구,빽다방이태원점,이태원점,126.9918575,37.53380046,서울특별시 용산구 보광로59길 37,서울 용산,1,빽다방
146,서울특별시,강남구,빽다방신사역점,신사역점,127.0225229,37.51972256,서울특별시 강남구 도산대로11길 34,서울 강남,1,빽다방
147,서울특별시,동작구,백다방,-,126.9444192,37.51184196,서울특별시 동작구 만양로 94-2,서울 동작,1,빽다방
148,서울특별시,은평구,백다방,-,126.919563,37.61879558,서울특별시 은평구 연서로29길 6,서울 은평,1,빽다방
149,서울특별시,노원구,빽다방노원역북부점,노원역북부점,127.0622603,37.65720166,서울특별시 노원구 상계로3길 21,서울 노원,1,빽다방
150,서울특별시,은평구,빽다방,구파발역미켈란점,126.9195381,37.63538328,서울특별시 은평구 진관2로 15-8,서울 은평,1,빽다방
151,부산광역시,사하구,빽다방부산장림점,부산장림점,128.9763634,35.08088916,부산광역시 사하구 장림번영로103번길 5,부산 사하,1,빽다방
152,서울특별시,중랑구,빽다방사가정역점,사가정역점,127.0886963,37.58149614,서울특별시 중랑구 면목로 330-1,서울 중랑,1,빽다방
153,서울특별시,강서구,빽다방,마곡나루역북부점,126.826526,37.56863893,서울특별시 강서구 마곡중앙5로1길 20,서울 강서,1,빽다방
154,서울특별시,중구,빽다방,약수역점,127.0108145,37.55569403,서울특별시 중구 다산로 131,서울 중구,1,빽다방
155,서울특별시,성동구,더본코리아_빽다방성수역,롯데캐슬점,127.0571136,37.54513411,서울특별시 성동구 성수이로 113,서울 성동,1,빽다방
156,서울특별시,중구,빽다방명동중앙우체,-,126.9818508,37.56242189,서울특별시 중구 남대문로 58-1,서울 중구,1,빽다방
157,서울특별시,강서구,빽다방,발산역플레이스점,126.8385976,37.56104549,서울특별시 강서구 강서로 395,서울 강서,1,빽다방
158,부산광역시,북구,홍콩반점앤빽다방,부산구남역점,128.996135,35.19803669,부산광역시 북구 백양대로 1038,부산 북구,1,빽다방
159,서울특별시,강서구,더본코리아_빽다방등촌,성당점,126.8457637,37.56022374,서울특별시 강서구 공항대로41길 51,서울 강서,1,빽다방
160,서울특별시,강동구,백다방,명일역점,127.1450151,37.5505068,서울특별시 강동구 구천면로 418,서울 강동,1,빽다방
161,서울특별시,마포구,공덕역롯데캐슬점백다방,-,126.9508646,37.5451119,서울특별시 마포구 마포대로 109,서울 마포,1,빽다방
162,서울특별시,종로구,역전우동앤빽다방대학로,씨지브이점,127.0012914,37.58402373,서울특별시 종로구 대학로 143,서울 종로,1,빽다방
163,서울특별시,송파구,빽다방잠실장미상가,-,127.099289,37.51981032,서울특별시 송파구 올림픽로35길 104,서울 송파,1,빽다방
164,서울특별시,노원구,백다방,서울과기대점,127.0770973,37.62868373,서울특별시 노원구 공릉로 217,서울 노원,1,빽다방
165,서울특별시,서초구,백다방,-,127.0293055,37.4930262,서울특별시 서초구 사임당로 181,서울 서초,1,빽다방
166,서울특별시,중랑구,백다방,면목역점,127.0874487,37.58817227,서울특별시 중랑구 겸재로 178,서울 중랑,1,빽다방
167,서울특별시,서대문구,빽다방,명지대,126.925248,37.58031935,서울특별시 서대문구 거북골로 19,서울 서대문,1,빽다방
168,서울특별시,송파구,빽다방,-,127.1184237,37.48475927,서울특별시 송파구 법원로11길 11,서울 송파,1,빽다방
169,서울특별시,관악구,빽다방,신대방역점,126.9134456,37.48632277,서울특별시 관악구 난곡로 363,서울 관악,1,빽다방
170,서울특별시,종로구,대학로흑백다방CAFE,-,127.0004006,37.58205193,서울특별시 종로구 대학로11길 23,서울 종로,1,빽다방
171,인천광역시,중구,빽다방,인천차이나타운점,126.6189713,37.47708439,인천광역시 중구 차이나타운로 24-2,인천 중구,1,빽다방
172,인천광역시,남동구,빽다방,구월아시아점,126.7143743,37.44311982,인천광역시 남동구 인하로 607,인천 남동,1,빽다방
173,인천광역시,남동구,빽다방,구월로데오점,126.7016826,37.44579231,인천광역시 남동구 성말로 9,인천 남동,1,빽다방
174,인천광역시,중구,빽다방,인천신포시장점,126.6260901,37.47173421,인천광역시 중구 개항로 32,인천 중구,1,빽다방
175,인천광역시,남구,빽다방인천신기시장점,인천신기시장점,126.6769218,37.44837397,인천광역시 남구 인하로 259,인천 남구,1,빽다방
176,인천광역시,남동구,빽다방,인천모래내시장점,126.7202866,37.45560028,인천광역시 남동구 구월로 268,인천 남동,1,빽다방
177,광주광역시,광산구,빽다방,광주첨단로데오점,126.8436774,35.21499205,광주광역시 광산구 첨단중앙로106번길 11,광주 광산,1,빽다방
178,대전광역시,서구,빽다방,대전둔산향촌점,127.3753849,36.35217577,대전광역시 서구 둔산로 14,대전 서구,1,빽다방
179,대구광역시,서구,동백다방,-,128.5673694,35.87574366,대구광역시 서구 문화로 318,대구 서구,1,빽다방
180,대구광역시,달서구,빽다방,대구월성원더풀점,128.5243392,35.82439221,대구광역시 달서구 조암로 48,대구 달서,1,빽다방
181,인천광역시,연수구,빽다방,송도월드마크점,126.6467072,37.39346517,인천광역시 연수구 컨벤시아대로 116,인천 연수,1,빽다방
182,인천광역시,연수구,빽다방송도커낼워크점,송도커낼워크점,126.6368991,37.39938945,인천광역시 연수구 아트센터대로 131,인천 연수,1,빽다방
183,대구광역시,달성군,빽다방,대구대실역점,128.4657273,35.85863184,대구광역시 달성군 다사읍 대실역북로1길 9,대구 달성,1,빽다방
184,대전광역시,서구,빽다방,대전롯데점,127.3881437,36.34056158,대전광역시 서구 도솔로 382,대전 서구,1,빽다방
185,광주광역시,서구,빽다방,상무1호점,126.8478158,35.15682048,광주광역시 서구 치평로 106,광주 서구,1,빽다방
186,대전광역시,중구,빽다방,대전은행점,127.4273371,36.32793998,대전광역시 중구 중앙로156번길 24,대전 중구,1,빽다방
187,울산광역시,동구,빽다방,울산일산점,129.4303131,35.49750448,울산광역시 동구 일산진11길 23,울산 동구,1,빽다방
188,대구광역시,달서구,빽다방,대구도원골든점,128.5354708,35.80759637,대구광역시 달서구 도원로 24,대구 달서,1,빽다방
189,인천광역시,남구,빽다방,주안역점,126.6806971,37.46377878,인천광역시 남구 주안로 100,인천 남구,1,빽다방
190,대구광역시,달서구,빽다방,대구두류우체국점,128.5526181,35.85498281,대구광역시 달서구 달구벌대로344길 34,대구 달서,1,빽다방
191,인천광역시,남동구,빽다방,구월엔씨점,126.7015556,37.44398884,인천광역시 남동구 인하로 497-9,인천 남동,1,빽다방
192,인천광역시,서구,빽다방,-,126.652973,37.53343049,인천광역시 서구 청라라임로 65,인천 서구,1,빽다방
193,광주광역시,동구,빽다방,광주충장로점1호점,126.9151104,35.14749943,광주광역시 동구 중앙로160번길 15-6,광주 동구,1,빽다방
194,대전광역시,유성구,백다방,-,127.3190099,36.37252431,대전광역시 유성구 은구비남로33번길 5,대전 유성,1,빽다방
195,인천광역시,남동구,빽다방,-,126.7354475,37.39759221,인천광역시 남동구 소래역남로 10,인천 남동,1,빽다방
196,인천광역시,남동구,빽다방,인천논현점,126.7248222,37.39946039,인천광역시 남동구 논고개로 93,인천 남동,1,빽다방
197,대전광역시,동구,동백다방,-,127.4310541,36.33142756,대전광역시 동구 태전로 6-2,대전 동구,1,빽다방
198,대전광역시,동구,빽다방,대전터미널서관점,127.4366996,36.35024543,대전광역시 동구 동서대로 1689,대전 동구,1,빽다방
199,대구광역시,북구,빽다방,대구칠곡점,128.5541802,35.9520657,대구광역시 북구 칠곡중앙대로 638,대구 북구,1,빽다방
200,울산광역시,남구,빽다방,울산공업탑점,129.3083133,35.53126437,울산광역시 남구 두왕로 324,울산 남구,1,빽다방
201,대전광역시,유성구,빽다방,대전관평중점,127.3891592,36.42441855,대전광역시 유성구 테크노4로 115,대전 유성,1,빽다방
202,인천광역시,연수구,빽다방,연수점,126.6764867,37.41339989,인천광역시 연수구 먼우금로188번길 12,인천 연수,1,빽다방
203,인천광역시,남동구,빽다방,인천길병원점,126.7090554,37.452766,인천광역시 남동구 구월남로 174,인천 남동,1,빽다방
204,대전광역시,유성구,빽다방,리베라점,127.337787,36.35425349,대전광역시 유성구 계룡로 64,대전 유성,1,빽다방
205,대전광역시,서구,빽다방,대전시청역점,127.3872541,36.35030855,대전광역시 서구 둔산중로 40,대전 서구,1,빽다방
206,인천광역시,계양구,빽다방,계양구청점,126.7358052,37.53877038,인천광역시 계양구 계산새로 71,인천 계양,1,빽다방
207,대구광역시,수성구,빽다방,신매협화점,128.706966,35.83749943,대구광역시 수성구 신매로 91,대구 수성,1,빽다방
208,대구광역시,달서구,빽다방,대구계명대점,128.4933142,35.85606112,대구광역시 달서구 서당로9길 39,대구 달서,1,빽다방
209,울산광역시,남구,빽다방,울산삼산점,129.3374488,35.54016515,울산광역시 남구 삼산로277번길 8,울산 남구,1,빽다방
210,울산광역시,중구,빽다방울산여중점,울산여중점,129.3369535,35.56346938,울산광역시 중구 화합로 430,울산 중구,1,빽다방
211,대전광역시,대덕구,빽다방,대전한남대점,127.4250849,36.35099223,대전광역시 대덕구 한남로 27,대전 대덕,1,빽다방
212,대전광역시,대덕구,빽다방,대전송촌공원점,127.4396466,36.36499473,대전광역시 대덕구 송촌북로16번길 58,대전 대덕,1,빽다방
213,대전광역시,동구,빽다방가오CGV점,가오CGV점,127.4557992,36.30649685,대전광역시 동구 은어송로 59,대전 동구,1,빽다방
214,인천광역시,남동구,빽다방,인천구월CGV점,126.7019305,37.45172385,인천광역시 남동구 예술로 198,인천 남동,1,빽다방
215,인천광역시,연수구,빽다방,글로벌1호점,126.6539682,37.37832948,인천광역시 연수구 송도문화로28번길 28,인천 연수,1,빽다방
216,광주광역시,북구,빽다방,전남대후문점,126.9135321,35.17541032,광주광역시 북구 우치로90번길 16,광주 북구,1,빽다방
217,대구광역시,북구,빽다방,대구칠곡타운점,128.5633453,35.94393827,대구광역시 북구 학정로 439,대구 북구,1,빽다방
218,인천광역시,남동구,빽다방,인천간석올리브점,126.7081057,37.46066671,인천광역시 남동구 남동대로 875,인천 남동,1,빽다방
219,대전광역시,서구,빽다방,대전둔산중앙점,127.3763575,36.35036934,대전광역시 서구 대덕대로185번길 22,대전 서구,1,빽다방
220,인천광역시,남동구,빽다방,인천논현역2호점,126.7230679,37.40167605,인천광역시 남동구 논고개로123번길 17,인천 남동,1,빽다방
221,인천광역시,남동구,빽다방,소래포구한화점,126.735173,37.39779652,인천광역시 남동구 소래역남로 12,인천 남동,1,빽다방
222,대전광역시,유성구,빽다방,대전노은CGV점,127.3190099,36.37252431,대전광역시 유성구 은구비남로33번길 5,대전 유성,1,빽다방
223,인천광역시,남구,빽다방,인하대점,126.6574427,37.4525423,인천광역시 남구 인하로77번길 29,인천 남구,1,빽다방
224,인천광역시,연수구,빽다방,인천송도점,126.6501479,37.39492814,인천광역시 연수구 컨벤시아대로 81,인천 연수,1,빽다방
225,인천광역시,남동구,빽다방,인천남동초교점,126.7367863,37.44363181,인천광역시 남동구 장승남로 41,인천 남동,1,빽다방
226,인천광역시,부평구,빽다방,부평로데오점,126.7242834,37.49309949,인천광역시 부평구 부평대로20번길 18-1,인천 부평,1,빽다방
227,대구광역시,달서구,빽다방,대구성서롯데점,128.5077857,35.85444154,대구광역시 달서구 성서로 414,대구 달서,1,빽다방
228,대구광역시,중구,빽다방,동성로2호점,128.5952633,35.86799252,대구광역시 중구 동성로5길 11,대구 중구,1,빽다방
229,대전광역시,서구,빽다방,대전스타게이트점,127.3789286,36.36190969,대전광역시 서구 대덕대로 325,대전 서구,1,빽다방
230,광주광역시,북구,빽다방전남대후문,-,126.9135321,35.17541032,광주광역시 북구 우치로90번길 16,광주 북구,1,빽다방
231,대전광역시,서구,빽다방,대전배재대점,127.3704528,36.32266099,대전광역시 서구 배재로 160,대전 서구,1,빽다방
232,대전광역시,유성구,빽다방,충남대후문점,127.3494141,36.36287919,대전광역시 유성구 궁동로18번길 37,대전 유성,1,빽다방
233,대전광역시,서구,빽다방,대전법원점,127.3890079,36.35257065,대전광역시 서구 둔산로137번길 27,대전 서구,1,빽다방
234,대전광역시,중구,빽다방,대전중앙로지하점,127.4248839,36.32831575,대전광역시 중구 중앙로 145,대전 중구,1,빽다방
235,대구광역시,중구,빽다방,대구반월당현대점,128.5913693,35.86701128,대구광역시 중구 달구벌대로 2081-22,대구 중구,1,빽다방
236,광주광역시,동구,빽다방광주구시청점,광주구시청점,126.9168042,35.14555857,광주광역시 동구 백서로125번길 45,광주 동구,1,빽다방
237,울산광역시,북구,빽다방,울산상안중앙점,129.3441358,35.6295538,울산광역시 북구 아진로 41-12,울산 북구,1,빽다방
238,인천광역시,남동구,빽다방인천간석올리브점,인천간석올리브점,126.7075671,37.46240883,인천광역시 남동구 석산로141번길 44,인천 남동,1,빽다방
239,대전광역시,서구,빽다방대전관저중앙점,대전관저중앙점,127.3397771,36.29930627,대전광역시 서구 관저로 157,대전 서구,1,빽다방
240,울산광역시,중구,빽다방,울산성남점,129.319459,35.55404519,울산광역시 중구 젊음의거리 49,울산 중구,1,빽다방
241,대구광역시,동구,빽다방,대구율하광장점,128.6956806,35.86342414,대구광역시 동구 안심로22길 40,대구 동구,1,빽다방
242,인천광역시,남동구,빽다방,NC점,126.7006738,37.44400618,인천광역시 남동구 인하로 485,인천 남동,1,빽다방
243,대구광역시,북구,빽다방,칠곡에덴점,128.5512068,35.93253892,대구광역시 북구 구암로 95,대구 북구,1,빽다방
244,대구광역시,북구,빽다방대구보건대점,대구보건대점,128.5444865,35.92705353,대구광역시 북구 칠곡중앙대로69길 26,대구 북구,1,빽다방
245,울산광역시,남구,빽다방,울산삼산현대점,129.3374513,35.53965138,울산광역시 남구 삼산로 277,울산 남구,1,빽다방
246,인천광역시,남동구,빽다방,-,126.727509,37.39752506,인천광역시 남동구 논고개로 61,인천 남동,1,빽다방
247,인천광역시,부평구,빽다방,-,126.7008068,37.47159731,인천광역시 부평구 열우물로 39,인천 부평,1,빽다방
248,대전광역시,동구,빽다방대전우송대점,대전우송대점,127.4473882,36.33704691,대전광역시 동구 동대전로 169,대전 동구,1,빽다방
249,대구광역시,북구,빽다방,대구북구서변점,128.5988284,35.92087316,대구광역시 북구 호국로 215,대구 북구,1,빽다방
250,광주광역시,동구,빽다방광주충장로2호점,광주충장로2호점,126.9184303,35.14789868,광주광역시 동구 금남로 246,광주 동구,1,빽다방
251,대구광역시,중구,빽다방,대구반월당지하점,128.5933543,35.86443272,대구광역시 중구 달구벌대로 2100,대구 중구,1,빽다방
252,대전광역시,중구,빽다방서대전홈플러스점,서대전홈플러스점,127.4068055,36.31965647,대전광역시 중구 계백로1686번길 16,대전 중구,1,빽다방
253,인천광역시,서구,빽다방,가좌한신점,126.6853374,37.493132,인천광역시 서구 장고개로337번길 16,인천 서구,1,빽다방
254,울산광역시,남구,빽다방,울산대점,129.260101,35.54216994,울산광역시 남구 대학로76번길 7-11,울산 남구,1,빽다방
255,광주광역시,광산구,빽다방광주첨단점,광주첨단점,126.8437399,35.21987809,광주광역시 광산구 첨단중앙로152번길 31-9,광주 광산,1,빽다방
256,인천광역시,남동구,빽다방,인천서창E편한점,126.7506425,37.42383002,인천광역시 남동구 서창남로 48,인천 남동,1,빽다방
257,인천광역시,남동구,빽다방,인천간석벽산점,126.7205377,37.46474852,인천광역시 남동구 호구포로 921,인천 남동,1,빽다방
258,대전광역시,유성구,빽다방,전민중앙점,127.4025214,36.39936859,대전광역시 유성구 유성대로 1740,대전 유성,1,빽다방
259,대전광역시,동구,빽다방대전역점대전역점,대전역점,127.431806,36.33219721,대전광역시 동구 대전로815번길 3,대전 동구,1,빽다방
260,울산광역시,동구,빽다방,울산남목초교점,129.4266204,35.54170282,울산광역시 동구 동해안로 28,울산 동구,1,빽다방
261,대전광역시,중구,빽다방,대전선병원점,127.4117844,36.33586759,대전광역시 중구 목중로 18,대전 중구,1,빽다방
262,인천광역시,남동구,빽다방,인천서창E편한점,126.7505598,37.4240454,인천광역시 남동구 서창남로 50,인천 남동,1,빽다방
263,대전광역시,서구,빽다방,대전탄방로데오점,127.3888572,36.34762202,대전광역시 서구 둔산중로14번길 36,대전 서구,1,빽다방
264,대전광역시,중구,빽다방충남대병원점,충남대병원점,127.415154,36.31873326,대전광역시 중구 계룡로920번길 36,대전 중구,1,빽다방
265,세종특별자치시,세종특별자치시,빽다방,세종시정부청사점,127.2628717,36.50740249,세종특별자치시 세종특별자치시 도움8로 11-11,세종,1,빽다방
266,인천광역시,서구,빽다방,인천신현하늘채점,126.6737528,37.5177086,인천광역시 서구 석곶로 2,인천 서구,1,빽다방
267,대전광역시,유성구,빽다방,서대전샘물타운점,127.3198331,36.29966313,대전광역시 유성구 원내로 38,대전 유성,1,빽다방
268,대구광역시,중구,빽다방대구경대병원점,대구경대병원점,128.6042464,35.86541496,대구광역시 중구 동덕로26길 18,대구 중구,1,빽다방
269,인천광역시,연수구,빽다방,-,126.6672341,37.38794969,인천광역시 연수구 송도과학로27번길 70,인천 연수,1,빽다방
270,인천광역시,중구,빽다방,동인천역점,126.630527,37.47515556,인천광역시 중구 자유공원로 5,인천 중구,1,빽다방
271,대구광역시,달서구,빽다방대구신월성점,대구신월성점,128.5268305,35.82456158,대구광역시 달서구 조암로 29,대구 달서,1,빽다방
272,인천광역시,연수구,빽다방송도캠퍼스타운점,송도캠퍼스타운점,126.6651112,37.38922324,인천광역시 연수구 송도과학로27번길 55,인천 연수,1,빽다방
273,광주광역시,서구,빽다방,광주상무메가점,126.8544269,35.15420606,광주광역시 서구 시청로60번길 21-6,광주 서구,1,빽다방
274,인천광역시,남구,빽다방,인하대역SK점,126.6450428,37.45200432,인천광역시 남구 용정공원로 33,인천 남구,1,빽다방
275,인천광역시,남구,빽다방인천용현토지점,인천용현토지점,126.6377136,37.45168579,인천광역시 남구 낙섬중로 40,인천 남구,1,빽다방
276,세종특별자치시,세종특별자치시,빽다방세종종촌농협점,세종종촌농협점,127.2496483,36.50451726,세종특별자치시 세종특별자치시 도움3로 105-7,세종,1,빽다방
277,인천광역시,계양구,빽다방,인천임학역점,126.7391683,37.54601454,인천광역시 계양구 장제로 885-1,인천 계양,1,빽다방
278,대구광역시,달성군,빽다방대구다사세천점,대구다사세천점,128.4802607,35.87442899,대구광역시 달성군 다사읍 세천로 160,대구 달성,1,빽다방
279,대전광역시,서구,빽다방대전가수원중앙점,대전가수원중앙점,127.3495075,36.30475811,대전광역시 서구 계백로 1135,대전 서구,1,빽다방
280,대전광역시,중구,빽다방,대전유천버드내점,127.3923895,36.31885405,대전광역시 중구 태평로 22-1,대전 중구,1,빽다방
281,인천광역시,서구,백다방,-,126.6843955,37.49525695,인천광역시 서구 건지로 402,인천 서구,1,빽다방
282,인천광역시,강화군,빽다방,인천강화군청점,126.4873562,37.74577882,인천광역시 강화군 강화읍 강화대로 396,인천 강화,1,빽다방
283,울산광역시,남구,빽다방,울산달동1호점,129.3221014,35.53361063,울산광역시 남구 신정로17번길 6,울산 남구,1,빽다방
284,광주광역시,동구,신쭈꾸미빽다방,-,126.9168042,35.14555857,광주광역시 동구 백서로125번길 45,광주 동구,1,빽다방
285,울산광역시,울주군,더본코리아_빽다방울산,범서구영점,129.2413061,35.57412723,울산광역시 울주군 범서읍 구영로 94,울산 울주,1,빽다방
286,대구광역시,동구,빽다방대구혁신,-,128.7313864,35.87870567,대구광역시 동구 첨단로8길 10,대구 동구,1,빽다방
287,대전광역시,중구,빽다방,서대전홈플러스점,127.4077028,36.3202918,대전광역시 중구 계백로 1690,대전 중구,1,빽다방
288,인천광역시,연수구,빽다방,연수동춘나사렛점,126.6720103,37.40781731,인천광역시 연수구 앵고개로 256,인천 연수,1,빽다방
289,광주광역시,서구,빽다방,-,126.8831423,35.16192863,광주광역시 서구 죽봉대로 95,광주 서구,1,빽다방
290,인천광역시,서구,빽다방,청라쓰리엠점,126.6509268,37.53208263,인천광역시 서구 중봉대로586번길 9-4,인천 서구,1,빽다방
291,인천광역시,계양구,빽다방,-,126.7226382,37.52660899,인천광역시 계양구 계양대로 32,인천 계양,1,빽다방
292,세종특별자치시,세종특별자치시,빽다방,-,127.2616561,36.50139285,세종특별자치시 세종특별자치시 한누리대로 422,세종,1,빽다방
293,인천광역시,중구,빽다방,인천월미도점,126.5995371,37.47464811,인천광역시 중구 월미로 237,인천 중구,1,빽다방
294,경기도,부천시,빽다방부천심곡대성점,부천심곡대성점,126.7840859,37.49143254,경기도 부천시 부천로 79,부천,1,빽다방
295,경기도,부천시,빽다방,부천상지초교점,126.7642714,37.49297494,경기도 부천시 장말로199번길 6-4,부천,1,빽다방
296,경기도,안양시,빽다방,안양비산점,126.9437762,37.39920428,경기도 안양시,안양,1,빽다방
297,경기도,성남시,빽다방,단대오거리역점,127.1556547,37.44391545,경기도 성남시,성남,1,빽다방
298,경기도,김포시,빽다방김포장기쌍용점,김포장기쌍용점,126.6796196,37.64101513,경기도 김포시 김포한강2로23번길 50,김포,1,빽다방
299,경기도,부천시,빽다방,역곡점,126.8127572,37.48609267,경기도 부천시 부일로 748,부천,1,빽다방
300,강원도,원주시,빽다방,-,127.9477812,37.35000598,강원도 원주시 무실로12번길 33,원주,1,빽다방
301,경기도,화성시,빽다방동탄은행사거리점,동탄은행사거리점,127.0618674,37.20874638,경기도 화성시 동탄지성로 121,화성,1,빽다방
302,경기도,부천시,빽다방,송내역남부점,126.7527997,37.48648406,경기도 부천시 송내대로 33,부천,1,빽다방
303,경기도,구리시,빽다방,구리돌다리점,127.1402167,37.59972341,경기도 구리시 검배로6번길 27,구리,1,빽다방
304,경기도,화성시,빽다방,병점점,127.0400592,37.21297803,경기도 화성시 효행로 1028,화성,1,빽다방
305,경기도,수원시,빽다방,수원천천롯데점,126.983283,37.29631451,경기도 수원시,수원,1,빽다방
306,경기도,포천시,빽다방,포천송우중앙점,127.1406031,37.83037187,경기도 포천시 소흘읍 송우로 80,포천,1,빽다방
307,경기도,이천시,빽다방,이천로데오점,127.4440958,37.28051574,경기도 이천시 어재연로37번길 27,이천,1,빽다방
308,경기도,부천시,빽다방,부천중동현대점,126.7608481,37.50305769,경기도 부천시 석천로169번길 34,부천,1,빽다방
309,경기도,성남시,빽다방,미금역농협점,127.1117205,37.34971032,경기도 성남시,성남,1,빽다방
310,경기도,시흥시,빽다방,정왕역점,126.7418438,37.35139152,경기도 시흥시 마유로418번길 10,시흥,1,빽다방
311,경기도,화성시,빽다방,동탄북광장점,127.0726941,37.20597514,경기도 화성시 동탄중심상가2길 5,화성,1,빽다방
312,경기도,성남시,빽다방,야탑역NC점,127.1268102,37.41115914,경기도 성남시,성남,1,빽다방
313,경기도,안양시,빽다방,평촌CGV점,126.9622493,37.3929703,경기도 안양시,안양,1,빽다방
314,경기도,안양시,빽다방,안양역점,126.9230872,37.40063056,경기도 안양시,안양,1,빽다방
315,경기도,고양시,백다방,-,126.7621259,37.6705619,경기도 고양시,고양,1,빽다방
316,경기도,포천시,컴백다방,-,127.1473572,37.82785308,경기도 포천시 소흘읍 솔모루로78번길 8,포천,1,빽다방
317,경기도,평택시,빽다방,평택소사벌1호점,127.1041677,37.00460996,경기도 평택시 평남로 941,평택,1,빽다방
318,경기도,파주시,빽다방,파주금릉역점,126.7668643,37.75198114,경기도 파주시 금빛로 24,파주,1,빽다방
319,경기도,안성시,빽다방,안성중앙로점,127.2691588,37.00776813,경기도 안성시 중앙로379번길 4,안성,1,빽다방
320,강원도,원주시,빽다방,원주장미공원점,127.9318006,37.34733957,강원도 원주시 장미공원길 32,원주,1,빽다방
321,경기도,안양시,빽다방,범계역점,126.9532886,37.39089996,경기도 안양시,안양,1,빽다방
322,경기도,남양주시,빽다방,평내호평역점,127.2440651,37.65565052,경기도 남양주시 늘을2로 32,남양주,1,빽다방
323,경기도,오산시,빽다방,오산역점,127.0699689,37.14617439,경기도 오산시 대원로 14,오산,1,빽다방
324,충청북도,청주시,빽다방,청주중앙공원점,127.4898728,36.63343518,충청북도 청주시,청주,1,빽다방
325,경기도,의정부시,빽다방,-,127.0484735,37.74012987,경기도 의정부시 호국로1298번길 75,의정부,1,빽다방
326,경기도,안산시,빽다방,안산고잔뉴코아점,126.8342328,37.31894469,경기도 안산시,안산,1,빽다방
327,경기도,부천시,빽다방,송내법조타운점,126.755291,37.49034875,경기도 부천시 부일로221번길 46,부천,1,빽다방
328,경기도,부천시,빽다방,상동세이브존점,126.75412,37.5063838,경기도 부천시 길주로 105,부천,1,빽다방
329,경기도,안양시,빽다방,범계역사거리점,126.9500103,37.39113221,경기도 안양시,안양,1,빽다방
330,경기도,부천시,빽다방,송내역로데오점,126.7524596,37.491301,경기도 부천시 상일로 92,부천,1,빽다방
331,경기도,하남시,빽다방,하남신장시장점,127.2047895,37.53806638,경기도 하남시 신장로 122,하남,1,빽다방
332,경기도,성남시,빽다방,분당서현대명점,127.1249842,37.38652823,경기도 성남시,성남,1,빽다방
333,경기도,용인시,빽다방,강남대점,127.1261314,37.27099031,경기도 용인시,용인,1,빽다방
334,강원도,춘천시,빽다방,춘천석사CGV점,127.7448316,37.8511253,강원도 춘천시 지석로 85,춘천,1,빽다방
335,경기도,김포시,빽다방,김포사우점,126.7177307,37.61954999,경기도 김포시 돌문로 50,김포,1,빽다방
336,경기도,안산시,빽다방,중앙역남부점,126.8386808,37.31436596,경기도 안산시,안산,1,빽다방
337,경기도,안산시,빽다방,안산초지풍림점,126.8166555,37.30812862,경기도 안산시,안산,1,빽다방
338,경기도,고양시,빽다방,-,126.8455327,37.61842788,경기도 고양시,고양,1,빽다방
339,강원도,강릉시,빽다방,강릉금학점,128.8949541,37.75279986,강원도 강릉시 신대학길 14,강릉,1,빽다방
340,경기도,파주시,빽다방,문산시장점,126.7831889,37.85744962,경기도 파주시 문산읍 문산로 35-3,파주,1,빽다방
341,경기도,용인시,빽다방수지구청점,수지구청점,127.0974694,37.3238765,경기도 용인시,용인,1,빽다방
342,경기도,수원시,빽다방광교경기대후문점,광교경기대후문점,127.044279,37.29994054,경기도 수원시,수원,1,빽다방
343,경기도,시흥시,빽다방,시흥정왕옥구점,126.7244113,37.35371874,경기도 시흥시 옥구상가2길 3,시흥,1,빽다방
344,경기도,고양시,빽다방,일산후곡점,126.7656934,37.67827588,경기도 고양시,고양,1,빽다방
345,경기도,수원시,빽다방,광교월드스퀘어점,127.0483619,37.29190871,경기도 수원시,수원,1,빽다방
346,경기도,고양시,빽다방,일산라페스타점,126.7678616,37.66301744,경기도 고양시,고양,1,빽다방
347,경기도,용인시,빽다방,-,127.1124821,37.2811252,경기도 용인시,용인,1,빽다방
348,경기도,의정부시,빽다방,의정부로데오점,127.0484742,37.74007581,경기도 의정부시 호국로1298번길 77,의정부,1,빽다방
349,경기도,구리시,빽다방,구리인창늘푸른점,127.1421868,37.6046935,경기도 구리시 건원대로34번길 35,구리,1,빽다방
350,강원도,삼척시,빽다방,삼척대학로점,129.1630768,37.44328111,강원도 삼척시 대학로 23-8,삼척,1,빽다방
351,경기도,남양주시,빽다방,남양주장현점,127.1808695,37.71760739,경기도 남양주시 진접읍 장현로 77,남양주,1,빽다방
352,경기도,부천시,빽다방,부천역CGV점,126.7813625,37.48575497,경기도 부천시 부일로460번길 5,부천,1,빽다방
353,경기도,안산시,빽다방,-,126.8289753,37.30949465,경기도 안산시,안산,1,빽다방
354,경기도,군포시,빽다방,산본중앙점,126.9303528,37.35986022,경기도 군포시 산본로343번길 23,군포,1,빽다방
355,경기도,성남시,빽다방역점,-,127.1556547,37.44391545,경기도 성남시,성남,1,빽다방
356,경기도,김포시,빽다방김포한강CGV점,김포한강CGV점,126.6841555,37.65429257,경기도 김포시 김포한강11로 288-32,김포,1,빽다방
357,경기도,성남시,빽다방,모란역점,127.1286959,37.43170851,경기도 성남시,성남,1,빽다방
358,경기도,성남시,빽다방,수내역초림점,127.1124998,37.37746946,경기도 성남시,성남,1,빽다방
359,경기도,부천시,빽다방,신중동역점,126.7767425,37.50349367,경기도 부천시 길주로 307,부천,1,빽다방
360,경기도,안양시,빽다방,평촌역금강점,126.966125,37.39611293,경기도 안양시,안양,1,빽다방
361,경기도,김포시,빽다방김포장기쌍용점,김포장기쌍용점,126.6788046,37.64224939,경기도 김포시 김포한강2로23번길 14,김포,1,빽다방
362,경기도,부천시,빽다방,상동역푸른마을점,126.7534727,37.50450283,경기도 부천시 상동로 84,부천,1,빽다방
363,경기도,안양시,빽다방,인덕원역우정점,126.9753786,37.40246489,경기도 안양시,안양,1,빽다방
364,충청북도,단양군,소백다방,-,128.3531958,36.92211562,충청북도 단양군 대강면 대강로 64,단양,1,빽다방
365,경기도,수원시,연백다방,-,127.0121293,37.30017215,경기도 수원시,수원,1,빽다방
366,경기도,고양시,빽다방,일산동구청점,126.7731111,37.65670201,경기도 고양시,고양,1,빽다방
367,경기도,부천시,빽다방,부천원종중앙점,126.8044016,37.5229419,경기도 부천시 소사로 747,부천,1,빽다방
368,경기도,안산시,빽다방,안산본오주공점,126.8630065,37.30069867,경기도 안산시,안산,1,빽다방
369,강원도,원주시,빽다방,원주단구GS점,127.948675,37.33038914,강원도 원주시 남원로534번길 20,원주,1,빽다방
370,강원도,춘천시,빽다방,강원대점,127.7449153,37.87300251,강원도 춘천시 서부대성로239번길 4,춘천,1,빽다방
371,경기도,시흥시,빽다방,-,126.7375503,37.34492125,경기도 시흥시 중심상가2길 22,시흥,1,빽다방
372,경기도,오산시,빽다방,오산시청점,127.0760408,37.14950192,경기도 오산시 운암로 35,오산,1,빽다방
373,경기도,안양시,빽다방,안양1번가점,126.9218782,37.39908774,경기도 안양시,안양,1,빽다방
374,경기도,고양시,빽다방,화정역점,126.8318235,37.63238493,경기도 고양시,고양,1,빽다방
375,경기도,안양시,빽다방,평촌역금강점,126.9646685,37.39608216,경기도 안양시,안양,1,빽다방
376,경기도,안산시,빽다방,안산중앙역점,126.8377024,37.3170956,경기도 안산시,안산,1,빽다방
377,경기도,성남시,빽다방,동서울대점,127.1268291,37.45914132,경기도 성남시,성남,1,빽다방
378,경기도,성남시,빽다방,정자카페점,127.1064874,37.37031468,경기도 성남시,성남,1,빽다방
379,강원도,원주시,빽다방,원주중앙1호점,127.9479393,37.34983484,강원도 원주시 원일로115번길 6,원주,1,빽다방
380,경기도,부천시,빽다방,부천신중동점,126.7723609,37.50170922,경기도 부천시 중동로254번길 64,부천,1,빽다방
381,경기도,안양시,빽다방,안양평촌학원가점,126.9604431,37.38392574,경기도 안양시,안양,1,빽다방
382,경기도,군포시,빽다방,산본역점,126.9319453,37.35900058,경기도 군포시 산본로323번길 16-5,군포,1,빽다방
383,경기도,광명시,빽다방,광명철산점,126.8695399,37.47575602,경기도 광명시 오리로856번길 25,광명,1,빽다방
384,경기도,수원시,빽다방,수원인계중앙점,127.0334064,37.26460168,경기도 수원시,수원,1,빽다방
385,강원도,삼척시,빽다방,삼척대학로점,129.1631787,37.44328911,강원도 삼척시 대학로 23,삼척,1,빽다방
386,충청북도,청주시,빽다방,충북대중문점,127.4585041,36.63391858,충청북도 청주시,청주,1,빽다방
387,경기도,광주시,빽다방,경기광주이마트점,127.2612064,37.40963341,경기도 광주시 광주대로 30,광주,1,빽다방
388,경기도,평택시,빽다방,평택소사벌1호점,127.1052118,37.00372572,경기도 평택시 평남로 929,평택,1,빽다방
389,경기도,수원시,빽다방,수원삼성전자정문점,127.0573969,37.25836132,경기도 수원시,수원,1,빽다방
390,충청북도,청주시,빽다방,청주성안롯데점,127.4894987,36.63591191,충청북도 청주시,청주,1,빽다방
391,경기도,용인시,빽다방,광교상현신명점,127.0697312,37.29766534,경기도 용인시,용인,1,빽다방
392,강원도,춘천시,빽다방,춘천명동점,127.7277455,37.8777305,강원도 춘천시 중앙로67번길 18,춘천,1,빽다방
393,충청북도,청주시,빽다방,오창호수공원점,127.4278632,36.71430682,충청북도 청주시,청주,1,빽다방
394,충청북도,청주시,빽다방,청주가경골드점,127.4425836,36.61646982,충청북도 청주시,청주,1,빽다방
395,경기도,화성시,빽다방화성삼성점,화성삼성점,127.0616502,37.22354973,경기도 화성시 효행로 1289,화성,1,빽다방
396,경기도,군포시,빽다방,금정역점,126.9424441,37.37182701,경기도 군포시 산본천로226번길 1,군포,1,빽다방
397,경기도,용인시,빽다방,용인죽전누리점,127.110355,37.32002732,경기도 용인시,용인,1,빽다방
398,경기도,광명시,빽다방,광명사거리역점,126.8534737,37.47950273,경기도 광명시 오리로 987,광명,1,빽다방
399,경기도,수원시,빽다방,수원장안CGV점,127.0080409,37.30313856,경기도 수원시,수원,1,빽다방
400,경기도,수원시,빽다방,아주대점,127.0441381,37.27719595,경기도 수원시,수원,1,빽다방
401,경기도,용인시,빽다방용인롯데시네마점,용인롯데시네마점,127.2066357,37.23566624,경기도 용인시,용인,1,빽다방
402,강원도,동해시,빽다방동해천곡점,동해천곡점,129.1152496,37.52225931,강원도 동해시 한섬로 111-7,동해,1,빽다방
403,경기도,수원시,빽다방,수원정자백설점,126.9941356,37.29614593,경기도 수원시,수원,1,빽다방
404,경기도,수원시,빽다방,-,127.0016577,37.2654826,경기도 수원시,수원,1,빽다방
405,경기도,시흥시,빽다방시흥월곶점,시흥월곶점,126.7386035,37.38853436,경기도 시흥시 월곶중앙로 59,시흥,1,빽다방
406,경기도,성남시,빽다방,야탑역대덕점,127.1298372,37.41217264,경기도 성남시,성남,1,빽다방
407,경기도,화성시,빽다방,화성수원대점,126.9776627,37.21397877,경기도 화성시 봉담읍 와우로 108,화성,1,빽다방
408,경기도,광주시,빽다방,광주태전점,127.2318006,37.39322652,경기도 광주시 고불로 56,광주,1,빽다방
409,경기도,화성시,빽다방,동탄남광장점,127.0731643,37.20160847,경기도 화성시 메타폴리스로 54,화성,1,빽다방
410,경기도,용인시,빽다방광교상현신명점,광교상현신명점,127.069872,37.29813501,경기도 용인시,용인,1,빽다방
411,경기도,성남시,빽다방,판교유스페이스점,127.1068775,37.40025142,경기도 성남시,성남,1,빽다방
412,경기도,의정부시,빽다방,의정부센트럴점,127.0440763,37.73796788,경기도 의정부시 시민로 80,의정부,1,빽다방
413,경기도,구리시,빽다방,구리인창늘푸른점,127.1427625,37.60485987,경기도 구리시 건원대로34번길 51,구리,1,빽다방
414,경기도,시흥시,빽다방시흥대야롯데점,시흥대야롯데점,126.7918875,37.44162192,경기도 시흥시 비둘기공원7길 51,시흥,1,빽다방
415,경기도,파주시,빽다방,파주교하중앙점,126.718283,37.72514473,경기도 파주시 청석로 262,파주,1,빽다방
416,경기도,시흥시,빽다방시흥거모점,시흥거모점,126.7853605,37.34405223,경기도 시흥시 군자로 517,시흥,1,빽다방
417,경기도,성남시,빽다방,성남가천대점,127.1271341,37.4484569,경기도 성남시,성남,1,빽다방
418,강원도,강릉시,빽다방강릉교동중앙점,강릉교동중앙점,128.8781983,37.76668451,강원도 강릉시 솔올로 51,강릉,1,빽다방
419,경기도,수원시,빽다방수원역점,수원역점,127.0022347,37.26789337,경기도 수원시,수원,1,빽다방
420,경기도,군포시,빽다방,-,126.9448565,37.34628521,경기도 군포시 고산로 248,군포,1,빽다방
421,경기도,용인시,빽다방 용인기흥구청점,용인기흥구청점,127.1124821,37.2811252,경기도 용인시,용인,1,빽다방
422,강원도,홍천군,빽다방,홍천중앙점,127.8846791,37.69156268,강원도 홍천군 홍천읍 꽃뫼로 99,홍천,1,빽다방
423,경기도,용인시,빽다방,흥덕이마트점,127.0715777,37.2759005,경기도 용인시,용인,1,빽다방
424,경기도,성남시,빽다방,미금역천사점,127.1082995,37.35075687,경기도 성남시,성남,1,빽다방
425,경기도,화성시,빽다방,화성향남중앙점,126.9225595,37.13057151,경기도 화성시 향남읍 행정중앙2로 63-34,화성,1,빽다방
426,강원도,원주시,빽다방,-,127.9481085,37.35009624,강원도 원주시 원일로 115,원주,1,빽다방
427,충청북도,청주시,빽다방,청주터미널점,127.4335383,36.62579075,충청북도 청주시,청주,1,빽다방
428,경기도,성남시,빽다방,분당정자엠코점,127.1063369,37.36301479,경기도 성남시,성남,1,빽다방
429,경기도,의왕시,빽다방,의왕포일프라자점,126.9852754,37.39641398,경기도 의왕시 봇들로 40,의왕,1,빽다방
430,경기도,의정부시,빽다방,의정민락위드점,127.0976514,37.74540015,경기도 의정부시 오목로205번길 22,의정부,1,빽다방
431,경기도,용인시,빽다방,동백쥬네브점,127.153662,37.27737185,경기도 용인시,용인,1,빽다방
432,경기도,화성시,빽다방,동탄솔빛나루점,127.0725127,37.19317806,경기도 화성시 동탄중앙로 76,화성,1,빽다방
433,경기도,군포시,빽다방,군포당정삼거리점,126.9553841,37.3481087,경기도 군포시 고산로151번길 7,군포,1,빽다방
434,경기도,성남시,빽다방,성남을지대점,127.1643276,37.45871861,경기도 성남시,성남,1,빽다방
435,충청북도,청주시,빽다방청주산남점,청주산남점,127.4669899,36.61138149,충청북도 청주시,청주,1,빽다방
436,충청북도,증평군,동백다방,-,127.5815238,36.78347315,충청북도 증평군 증평읍 중앙로6길 6-2,증평,1,빽다방
437,경기도,용인시,빽다방,용인동백역점,127.1541508,37.26995932,경기도 용인시,용인,1,빽다방
438,경기도,수원시,빽다방,수원권선이마트점,127.0229138,37.25035041,경기도 수원시,수원,1,빽다방
439,경기도,성남시,빽다방분당서현점,분당서현점,127.1214158,37.38555564,경기도 성남시,성남,1,빽다방
440,경기도,파주시,빽다방,파주운정산내점,126.7353105,37.72908581,경기도 파주시 청암로17번길 25,파주,1,빽다방
441,경기도,파주시,빽다방파주운정이마트점,파주운정이마트점,126.7458292,37.71210622,경기도 파주시 와석순환로 125,파주,1,빽다방
442,경기도,화성시,빽다방동탄영천한백점,동탄영천한백점,127.1126498,37.20626315,경기도 화성시 지산2길 4-2,화성,1,빽다방
443,경기도,용인시,빽다방,용인롯데시네마점,127.2063721,37.23501567,경기도 용인시,용인,1,빽다방
444,경기도,남양주시,빽다방,남양주덕소점,127.2120094,37.58636638,경기도 남양주시 와부읍 덕소로 88,남양주,1,빽다방
445,경기도,의왕시,빽다방,의왕계원예대점,126.9757998,37.37897772,경기도 의왕시 계원대학로 40,의왕,1,빽다방
446,경기도,김포시,빽다방김포구래점,김포구래점,126.6265695,37.64473422,경기도 김포시 김포한강9로76번길 49,김포,1,빽다방
447,경기도,김포시,빽다방,김포구래점,126.6260459,37.6442506,경기도 김포시 김포한강9로 80,김포,1,빽다방
448,경기도,군포시,빽다방,-,126.9317391,37.35921497,경기도 군포시 산본로323번길 16-7,군포,1,빽다방
449,경기도,안양시,빽다방안양남부시장점,안양남부시장점,126.9236087,37.39575155,경기도 안양시,안양,1,빽다방
450,경기도,성남시,빽다방,분당서현교보점,127.1213334,37.38391506,경기도 성남시,성남,1,빽다방
451,경기도,고양시,빽다방,고양원흥역점,126.8755229,37.64955953,경기도 고양시,고양,1,빽다방
452,경기도,부천시,빽다방부천약대점,부천약대점,126.770685,37.51493698,경기도 부천시 평천로 718,부천,1,빽다방
453,경기도,고양시,빽다방고양삼송신원점,고양삼송신원점,126.8894165,37.66398135,경기도 고양시,고양,1,빽다방
454,경기도,안양시,더본코리아_빽다방평촌,씨지브이점,126.9622493,37.3929703,경기도 안양시,안양,1,빽다방
455,경기도,화성시,더본코리아_빽다방동탄,은행사거리점,127.0618674,37.20874638,경기도 화성시 동탄지성로 121,화성,1,빽다방
456,경기도,군포시,더본코리아_빽다방군포당정삼거리점,-,126.9553841,37.3481087,경기도 군포시 고산로151번길 7,군포,1,빽다방
457,경기도,군포시,더본코리아_빽다방군포당정역,은하점,126.9448565,37.34628521,경기도 군포시 고산로 248,군포,1,빽다방
458,경기도,성남시,더본코리아_빽다방분당미금역,천사점,127.1082995,37.35075687,경기도 성남시,성남,1,빽다방
459,경기도,파주시,빽다방,문산시장점,126.7832912,37.85745068,경기도 파주시 문산읍 문산로 37,파주,1,빽다방
460,경기도,용인시,더본코리아_빽다방상현역,광교점,127.0697312,37.29766534,경기도 용인시,용인,1,빽다방
461,경기도,고양시,빽다방,고양원당중앙점,126.8374964,37.6580299,경기도 고양시,고양,1,빽다방
462,경기도,시흥시,백다방시흥,정왕옥구점,126.7244113,37.35371874,경기도 시흥시 옥구상가2길 3,시흥,1,빽다방
463,경기도,안양시,빽다방,명학역점,126.9337927,37.38480578,경기도 안양시,안양,1,빽다방
464,경기도,고양시,빽다방,일산주엽역점,126.7621259,37.6705619,경기도 고양시,고양,1,빽다방
465,강원도,춘천시,빽다방,춘천명동씨지브이점,127.7270586,37.87904441,강원도 춘천시 명동길 15-1,춘천,1,빽다방
466,경기도,평택시,빽다방평택로데오,-,127.089386,36.99197171,경기도 평택시 평택2로10번길 34,평택,1,빽다방
467,경기도,김포시,백다방김포한강,씨지브이점,126.6841555,37.65429257,경기도 김포시 김포한강11로 288-32,김포,1,빽다방
468,경기도,고양시,백다방화정,-,126.8318235,37.63238493,경기도 고양시,고양,1,빽다방
469,경기도,용인시,빽다방용인죽전누리,-,127.110355,37.32002732,경기도 용인시,용인,1,빽다방
470,경기도,평택시,빽다방,평택팽성점,127.0632699,36.96425684,경기도 평택시 팽성읍 팽성송화로 219,평택,1,빽다방
471,경기도,수원시,빽다방,수원인계CGV점,127.0319315,37.26444546,경기도 수원시,수원,1,빽다방
472,충청북도,청주시,빽다방,청주분평중앙점,127.4898776,36.60725496,충청북도 청주시,청주,1,빽다방
473,경기도,용인시,빽다방,용인구성역점,127.1072712,37.30029729,경기도 용인시,용인,1,빽다방
474,충청북도,충주시,빽다방,충주신연수리첼점,127.9415711,36.98685284,충청북도 충주시 번영대로 216,충주,1,빽다방
475,경기도,화성시,백다방,-,126.9774838,37.21471612,경기도 화성시 봉담읍 와우안길 31,화성,1,빽다방
476,경기도,수원시,백다방수원권선웰빙점,수원권선웰빙점,127.0174528,37.25856822,경기도 수원시,수원,1,빽다방
477,경기도,오산시,빽다방,오산세교삼미점,127.065107,37.17078146,경기도 오산시 오산대역로 210,오산,1,빽다방
478,경기도,안산시,빽다방,안산중앙역롯데점,126.8380296,37.31855854,경기도 안산시,안산,1,빽다방
479,경기도,김포시,빽다방,김포통진마송점,126.6007526,37.68966073,경기도 김포시 통진읍 조강로 39,김포,1,빽다방
480,경기도,수원시,빽다방,광교법조타운점,127.0683602,37.29268055,경기도 수원시,수원,1,빽다방
481,경기도,화성시,빽다방,화성향남로데오점,126.9135119,37.11634163,경기도 화성시 향남읍 상신하길로328번길 26,화성,1,빽다방
482,경기도,시흥시,빽다방,시흥배곧메가점,126.7301776,37.36921579,경기도 시흥시 서울대학로278번길 43-13,시흥,1,빽다방
483,경기도,화성시,빽다방,동탄중앙어울림점,127.1133774,37.19991581,경기도 화성시 동탄대로시범길 142,화성,1,빽다방
484,경기도,수원시,빽다방,수원탑동점,126.9744968,37.26888182,경기도 수원시,수원,1,빽다방
485,경기도,양평군,빽다방,양평로데오점,127.4920528,37.49035342,경기도 양평군 양평읍 양평시장길 14-3,양평,1,빽다방
486,전라북도,전주시,백다방전주객사점,전주객사점,127.1454881,35.82009199,전라북도 전주시,전주,1,빽다방
487,경상남도,통영시,빽다방,통영시립도서관점,128.4250465,34.8608812,경상남도 통영시 무전3길 14,통영,1,빽다방
488,경상남도,창원시,송백다방,-,128.5876772,35.23759386,경상남도 창원시,창원,1,빽다방
489,전라북도,익산시,빽다방,원광대점,126.9573809,35.96373282,전라북도 익산시 무왕로4길 4,익산,1,빽다방
490,제주특별자치도,서귀포시,빽다방,서귀포시청점,126.5607523,33.25345552,제주특별자치도 서귀포시 중앙로 99,서귀포,1,빽다방
491,충청남도,논산시,빽다방,논산시청점,127.0993754,36.18478381,충청남도 논산시 시민로194번길 10,논산,1,빽다방
492,전라남도,순천시,빽다방,순천신대1호점,127.5449336,34.93494582,전라남도 순천시 해룡면 좌야로 135,순천,1,빽다방
493,제주특별자치도,제주시,빽다방,제주대학로점,126.5282553,33.4999125,제주특별자치도 제주시 광양8길 12-1,제주,1,빽다방
494,경상남도,거창군,동백다방,-,127.9161787,35.69135808,경상남도 거창군 거창읍 거열로 209,거창,1,빽다방
495,경상남도,창원시,빽다방,창원상남시장점,128.6836521,35.22100865,경상남도 창원시,창원,1,빽다방
496,경상북도,경산시,빽다방,하양중앙점,128.8167557,35.91158496,경상북도 경산시 하양읍 하양로 76,경산,1,빽다방
497,경상북도,포항시,빽다방,포항죽도시장점,129.3652881,36.03591114,경상북도 포항시,포항,1,빽다방
498,전라북도,전주시,빽다방,전북대1호점,127.1286258,35.84309855,전라북도 전주시,전주,1,빽다방
499,경상남도,진주시,빽다방,진주로데오점,128.0823798,35.19478604,경상남도 진주시 촉석로186번길 6,진주,1,빽다방
500,경상남도,통영시,동백다방,-,128.4317851,34.84024959,경상남도 통영시 남망길 199,통영,1,빽다방
501,제주특별자치도,제주시,동백다방,-,126.2634946,33.41668964,제주특별자치도 제주시 한림읍 한림로17길 16,제주,1,빽다방
502,경상북도,안동시,빽다방,문화의거리점,128.7320027,36.56593189,경상북도 안동시 서동문로 184,안동,1,빽다방
503,경상남도,함양군,송백다방,-,127.6962807,35.64752237,경상남도 함양군 서하면 송계앞길 5,함양,1,빽다방
504,경상남도,창원시,빽다방,창원시티세븐점,128.6530456,35.23981886,경상남도 창원시,창원,1,빽다방
505,충청남도,아산시,빽다방,신용화점,127.0091017,36.77372911,충청남도 아산시 용화고길55번길 21,아산,1,빽다방
506,제주특별자치도,제주시,빽다방,탐라도서관점,126.4780367,33.48000321,제주특별자치도 제주시 노형6길 27,제주,1,빽다방
507,충청남도,아산시,빽다방,아산터미널점,127.0147855,36.78476147,충청남도 아산시 번영로 217,아산,1,빽다방
508,전라북도,전주시,빽다방,전주혁신1호점,127.0595095,35.83725081,전라북도 전주시,전주,1,빽다방
509,전라북도,익산시,빽다방,익산영등제일점,126.9708039,35.9562419,전라북도 익산시 고봉로30길 4,익산,1,빽다방
510,경상북도,경산시,빽다방,경산영남대점,128.7532169,35.83680386,경상북도 경산시 대학로 283-2,경산,1,빽다방
511,제주특별자치도,제주시,빽다방,제주노형뜨란채점,126.4734135,33.48657287,제주특별자치도 제주시 수덕로 35,제주,1,빽다방
512,충청남도,공주시,빽다방,공주대점,127.1375199,36.47279365,충청남도 공주시 공주대학로 87,공주,1,빽다방
513,경상남도,밀양시,송백다방,-,128.8812328,35.58622972,경상남도 밀양시 산내면 산내로 343,밀양,1,빽다방
514,전라북도,전주시,빽다방,전주서신롯데점,127.1202294,35.8345831,전라북도 전주시,전주,1,빽다방
515,제주특별자치도,서귀포시,빽다방,제주성산일출봉점,126.9349342,33.4623305,제주특별자치도 서귀포시 성산읍 일출로 280-4,서귀포,1,빽다방
516,경상북도,구미시,빽다방,구미옥계삼구점,128.4207865,36.13862744,경상북도 구미시 옥계북로 27,구미,1,빽다방
517,충청남도,천안시,빽다방,천안구성점,127.1606778,36.79308069,충청남도 천안시,천안,1,빽다방
518,충청남도,서산시,백다방,서산예천점,126.4480308,36.77173337,충청남도 서산시 호수공원10로 7,서산,1,빽다방
519,경상북도,영주시,소백다방,-,128.6261472,36.82403368,경상북도 영주시 번영로 142,영주,1,빽다방
520,경상남도,창원시,빽다방,창원합성1호점,128.5847561,35.23780632,경상남도 창원시,창원,1,빽다방
521,충청남도,천안시,천안두정중앙빽다방,-,127.1352582,36.83355916,충청남도 천안시,천안,1,빽다방
522,경상남도,남해군,태백다방,-,128.0128908,34.85497928,경상남도 남해군 창선면 옥천로 3,남해,1,빽다방
523,경상남도,진주시,빽다방,진주경상대1호점,128.1061103,35.15222853,경상남도 진주시 진주대로516번길 6-1,진주,1,빽다방
524,전라남도,순천시,빽다방,순천중앙점,127.4843034,34.95549137,전라남도 순천시 중앙7길 2,순천,1,빽다방
525,경상북도,영덕군,금백다방,-,129.4083395,36.5400445,경상북도 영덕군 영해면 예주시장5길 26-45,영덕,1,빽다방
526,경상남도,김해시,빽다방,김해내외동점,128.8662922,35.23432502,경상남도 김해시 내외중앙로 47,김해,1,빽다방
527,경상북도,안동시,빽다방,-,128.7015654,36.56296063,경상북도 안동시 광명로 171-1,안동,1,빽다방
528,경상남도,함양군,송백다방,-,127.6951329,35.64733018,경상남도 함양군 서하면 송계길 27,함양,1,빽다방
529,충청남도,아산시,빽다방,아산배방점,127.0552267,36.77410436,충청남도 아산시 배방읍 모산로 112,아산,1,빽다방
530,제주특별자치도,제주시,빽다방,제주중앙여고점,126.541153,33.48994937,제주특별자치도 제주시 남광로2길 43-13,제주,1,빽다방
531,전라남도,여수시,빽다방,여수여서점,127.705719,34.75326906,전라남도 여수시 여서1로 76,여수,1,빽다방
532,경상남도,창원시,빽다방,창원경남대점,128.5592119,35.180236,경상남도 창원시,창원,1,빽다방
533,경상북도,경산시,빽다방경산하양중앙점,경산하양중앙점,128.8166327,35.91147764,경상북도 경산시 하양읍 하양로 74,경산,1,빽다방
534,전라남도,여수시,빽다방,여수여천점,127.6680225,34.75936544,전라남도 여수시 망마로 47,여수,1,빽다방
535,경상남도,양산시,빽다방양산터미널점,양산터미널점,129.0284173,35.33611054,경상남도 양산시 양산역4길 7,양산,1,빽다방
536,경상남도,통영시,빽다방,통영터미널점,128.4184513,34.88456789,경상남도 통영시 광도면 죽림4로 37-11,통영,1,빽다방
537,충청남도,당진시,빽다방,당진문예의전당점,126.6389847,36.89081142,충청남도 당진시 시청1로 77,당진,1,빽다방
538,제주특별자치도,제주시,빽다방,제주제원점,126.4898434,33.48718891,제주특별자치도 제주시 신광로 56,제주,1,빽다방
539,충청남도,천안시,빽다방천안두정중앙점,천안두정중앙점,127.1352582,36.83355916,충청남도 천안시,천안,1,빽다방
540,전라남도,목포시,빽다방,목포장미의거리점,126.4240103,34.80168336,전라남도 목포시 장미로 23,목포,1,빽다방
541,전라북도,전주시,빽다방전북도청타운점,전북도청타운점,127.108744,35.81643624,전라북도 전주시,전주,1,빽다방
542,경상북도,경주시,빽다방,경주분황사점,129.2318706,35.84252146,경상북도 경주시 알천남로 314,경주,1,빽다방
543,경상남도,김해시,빽다방인제대점,인제대점,128.9036918,35.24541816,경상남도 김해시 인제로 187,김해,1,빽다방
544,경상북도,구미시,빽다방,구미옥계삼구점,128.4207707,36.13983522,경상북도 구미시 옥계북로 33,구미,1,빽다방
545,충청남도,천안시,빽다방,천안쌍용이마트점,127.1284355,36.79557934,충청남도 천안시,천안,1,빽다방
546,경상남도,거제시,빽다방거제고현터미널점,거제고현터미널점,128.6243715,34.8902745,경상남도 거제시 서문로 79,거제,1,빽다방
547,경상북도,경주시,빽다방,경주로데오점,129.2133343,35.84355725,경상북도 경주시 계림로 101,경주,1,빽다방
548,충청남도,천안시,빽다방,천안성정롯데점,127.140753,36.82539841,충청남도 천안시,천안,1,빽다방
549,전라북도,전주시,빽다방,전주객사1호점,127.1455986,35.82010179,전라북도 전주시,전주,1,빽다방
550,충청남도,홍성군,빽다방,홍성로데오점,126.6642973,36.60119486,충청남도 홍성군 홍성읍 아문길29번길 56,홍성,1,빽다방
551,경상북도,울진군,빽다방,울진후포점,129.4457866,36.67906601,경상북도 울진군 후포면 후포로 38-1,울진,1,빽다방
552,경상남도,창원시,빽다방,창원시티세븐점,128.6544288,35.23967617,경상남도 창원시,창원,1,빽다방
553,경상북도,구미시,빽다방구미상모점,구미상모점,128.3549408,36.0893235,경상북도 구미시 상사서로 77,구미,1,빽다방
554,전라남도,여수시,빽다방여수웅천해변점,여수웅천해변점,127.6709025,34.74656294,전라남도 여수시 예울마루로 37-15,여수,1,빽다방
555,전라남도,순천시,백다방,조례주공점,127.5184121,34.96082382,전라남도 순천시 신월큰길 32,순천,1,빽다방
556,경상남도,고성군(경남),빽다방경남고성송학점,경남고성송학점,128.3246026,34.9775622,경상남도 고성군 고성읍 송학로 140,고성(경남),1,빽다방
557,경상남도,김해시,빽다방김해진영신도시점,김해진영신도시점,128.7298159,35.30749931,경상남도 김해시 진영읍 김해대로361번길 8,김해,1,빽다방
558,전라남도,목포시,빽다방목포평화광장점,목포평화광장점,126.430568,34.79873949,전라남도 목포시 원형로 4-1,목포,1,빽다방
559,충청남도,천안시,빽다방,천안상명대점,127.1776767,36.83070603,충청남도 천안시,천안,1,빽다방
560,충청남도,아산시,빽다방,온양온천역점,127.002891,36.78188679,충청남도 아산시 온궁로 22-4,아산,1,빽다방
561,전라북도,전주시,빽다방전주대점,전주대점,127.0906868,35.8171933,전라북도 전주시,전주,1,빽다방
562,경상북도,포항시,빽다방,포항영일대점,129.3783167,36.05957256,경상북도 포항시,포항,1,빽다방
563,제주특별자치도,서귀포시,빽다방베이커리앤,베이커리앤,126.4065368,33.25950887,제주특별자치도 서귀포시 색달로 18,서귀포,1,빽다방
564,충청남도,서산시,빽다방,서산터미널점,126.4597353,36.78183372,충청남도 서산시 율지8로 4,서산,1,빽다방
565,전라남도,광양시,빽다방,광양중마사랑점,127.6966166,34.93610436,전라남도 광양시 공영로 67,광양,1,빽다방
566,충청남도,천안시,빽다방,천안두정역점,127.1469993,36.83324746,충청남도 천안시,천안,1,빽다방
567,충청남도,천안시,빽다방,천안역점,127.1481047,36.80837423,충청남도 천안시,천안,1,빽다방
568,전라남도,무안군,빽다방,무안전남도청점,126.4617686,34.81267666,전라남도 무안군 삼향읍 남악3로82번길 14,무안,1,빽다방
569,전라북도,정읍시,빽다방정읍터미널점,정읍터미널점,126.8464959,35.5723946,전라북도 정읍시 중앙로 41,정읍,1,빽다방
570,충청남도,당진시,빽다방당진읍내점,당진읍내점,126.6300372,36.89430402,충청남도 당진시 당진중앙2로 103-11,당진,1,빽다방
571,충청남도,당진시,빽다방,당진읍내점,126.6298122,36.89433747,충청남도 당진시 당진중앙1로 98,당진,1,빽다방
572,제주특별자치도,서귀포시,빽다방,호텔더본제주점,126.4065368,33.25950887,제주특별자치도 서귀포시 색달로 18,서귀포,1,빽다방
573,전라북도,익산시,오백다방,-,126.9689656,35.94586141,전라북도 익산시 선화로 354-1,익산,1,빽다방
574,경상남도,진주시,빽다방,진주과기대점,128.0934751,35.17917406,경상남도 진주시 동진로 21,진주,1,빽다방
575,경상남도,창녕군,동백다방,-,128.4717945,35.61304497,경상남도 창녕군 대합면 창한로 106-1,창녕,1,빽다방
576,경상남도,통영시,더본코리아_빽다방통영,시립도서관점,128.4250465,34.8608812,경상남도 통영시 무전3길 14,통영,1,빽다방
577,경상남도,거제시,더본코리아_빽다방거제고현,터미널점,128.6243715,34.8902745,경상남도 거제시 서문로 79,거제,1,빽다방
578,경상남도,진주시,더본코리아_빽다방진주경상대,1호점,128.1061103,35.15222853,경상남도 진주시 진주대로516번길 6-1,진주,1,빽다방
579,경상남도,고성군(경남),더본코리아_빽다방경남,고성송학점,128.3245918,34.97758026,경상남도 고성군 고성읍 송학로 140,고성(경남),1,빽다방
580,제주특별자치도,서귀포시,빽다방,제주성산일출봉점,126.9341429,33.46457779,제주특별자치도 서귀포시 성산읍 성산등용로 4-4,서귀포,1,빽다방
581,전라북도,전주시,백다방전북도청타운점,-,127.108744,35.81643624,전라북도 전주시,전주,1,빽다방
582,전라북도,전주시,백다방전북대,1호점,127.1286258,35.84309855,전라북도 전주시,전주,1,빽다방
583,경상남도,창원시,송백다방,-,128.5864084,35.23686086,경상남도 창원시,창원,1,빽다방
584,경상남도,거창군,빽다방,경남거창중앙점,127.9118414,35.6868121,경상남도 거창군 거창읍 중앙로 123,거창,1,빽다방
585,전라남도,목포시,빽다방,-,126.3743936,34.80697967,전라남도 목포시 원산중앙로 10,목포,1,빽다방
586,충청남도,홍성군,빽다방,홍성내포중앙점,126.6789854,36.65936576,충청남도 홍성군 홍북읍 청사로174번길 2,홍성,1,빽다방
587,충청남도,보령시,빽다방,보령중앙로점,126.5953755,36.35059937,충청남도 보령시 중앙로 81,보령,1,빽다방
588,경상북도,예천군,빽다방,예천신도시점,128.4896558,36.57644705,경상북도 예천군 호명면 새움3로 26,예천,1,빽다방
589,제주특별자치도,서귀포시,빽다방,제주서귀포시청점,126.5605623,33.25457132,제주특별자치도 서귀포시 중앙로 111,서귀포,1,빽다방
